service_id,date,exception_type
16,20120714,2
5,20120714,1
5,20120815,1
11,20120815,2
11,20120714,2
4,20121031,2
4,20121107,2
4,20121226,2
4,20130102,2
4,20130227,2
4,20130306,2
4,20130424,2
4,20130501,2
4,20130508,2
22,20130501,2
22,20121101,2
22,20130508,2
22,20130509,2
22,20121225,2
22,20130101,2
22,20130401,2
22,20130520,2
25,20130508,2
25,20130509,2
25,20121221,2
25,20130401,2
25,20130520,2
25,20121029,2
25,20121030,2
25,20121031,2
25,20121101,2
25,20121102,2
25,20121105,2
25,20121106,2
25,20121107,2
25,20121108,2
25,20121109,2
25,20121224,2
25,20121225,2
25,20121226,2
25,20121227,2
25,20121228,2
25,20121231,2
25,20130101,2
25,20130102,2
25,20130103,2
25,20130104,2
25,20130225,2
25,20130226,2
25,20130227,2
25,20130228,2
25,20130301,2
25,20130304,2
25,20130305,2
25,20130306,2
25,20130307,2
25,20130308,2
25,20130422,2
25,20130423,2
25,20130424,2
25,20130425,2
25,20130426,2
25,20130429,2
25,20130430,2
25,20130501,2
25,20130502,2
25,20130503,2
13,20120815,2
30,20130509,2
30,20121221,2
30,20130401,2
30,20130520,2
30,20121029,2
30,20121030,2
30,20121101,2
30,20121102,2
30,20121105,2
30,20121106,2
30,20121108,2
30,20121109,2
30,20121224,2
30,20121225,2
30,20121227,2
30,20121228,2
30,20121231,2
30,20130101,2
30,20130103,2
30,20130104,2
30,20130225,2
30,20130226,2
30,20130228,2
30,20130301,2
30,20130304,2
30,20130305,2
30,20130307,2
30,20130308,2
30,20130422,2
30,20130423,2
30,20130425,2
30,20130426,2
30,20130429,2
30,20130430,2
30,20130502,2
30,20130503,2
21,20130501,2
21,20121101,2
21,20130508,2
21,20130509,2
21,20121225,2
21,20130101,2
21,20130401,2
21,20130520,2
32,20121224,1
32,20121225,1
32,20121226,1
32,20121227,1
32,20121228,1
32,20121231,1
32,20130101,1
32,20130102,1
32,20130103,1
32,20130104,1
32,20130225,1
32,20130226,1
32,20130227,1
32,20130228,1
32,20130301,1
32,20130304,1
32,20130305,1
32,20130306,1
32,20130307,1
32,20130308,1
32,20130422,1
32,20130423,1
32,20130424,1
32,20130425,1
32,20130426,1
32,20130429,1
32,20130430,1
32,20130501,1
32,20130502,1
32,20130503,1
32,20121101,2
32,20121225,2
32,20130101,2
32,20130501,2
12,20120901,1
44,20121224,1
44,20121225,1
44,20121226,1
44,20121227,1
44,20121228,1
44,20121229,1
44,20121231,1
44,20130101,1
44,20130102,1
44,20130103,1
44,20130104,1
44,20130105,1
44,20130225,1
44,20130226,1
44,20130227,1
44,20130228,1
44,20130301,1
44,20130302,1
44,20130304,1
44,20130305,1
44,20130306,1
44,20130307,1
44,20130308,1
44,20130309,1
44,20130422,1
44,20130423,1
44,20130424,1
44,20130425,1
44,20130426,1
44,20130427,1
44,20130429,1
44,20130430,1
44,20130501,1
44,20130502,1
44,20130503,1
44,20130504,1
44,20121101,2
44,20121225,2
44,20130101,2
44,20130501,2
31,20130511,1
31,20130220,1
31,20130417,1
28,20130508,2
28,20130509,2
28,20121221,2
28,20130223,2
28,20130420,2
28,20130401,2
28,20130520,2
28,20121029,2
28,20121030,2
28,20121031,2
28,20121101,2
28,20121102,2
28,20121103,2
28,20121105,2
28,20121106,2
28,20121107,2
28,20121108,2
28,20121109,2
28,20121110,2
28,20121224,2
28,20121225,2
28,20121226,2
28,20121227,2
28,20121228,2
28,20121229,2
28,20121231,2
28,20130101,2
28,20130102,2
28,20130103,2
28,20130104,2
28,20130105,2
28,20130225,2
28,20130226,2
28,20130227,2
28,20130228,2
28,20130301,2
28,20130302,2
28,20130304,2
28,20130305,2
28,20130306,2
28,20130307,2
28,20130308,2
28,20130309,2
28,20130422,2
28,20130423,2
28,20130424,2
28,20130425,2
28,20130426,2
28,20130427,2
28,20130429,2
28,20130430,2
28,20130501,2
28,20130502,2
28,20130503,2
28,20130504,2
36,20130508,1
36,20130509,1
36,20130101,1
36,20130520,1
36,20121101,1
36,20121225,1
36,20121111,1
36,20121118,1
36,20121125,1
36,20121202,1
36,20121209,1
36,20121216,1
36,20121223,1
36,20130106,1
36,20130113,1
36,20130120,1
36,20130127,1
36,20130203,1
36,20130210,1
36,20130217,1
36,20130224,1
36,20130303,1
36,20130310,1
36,20130317,1
36,20130324,1
36,20130331,1
36,20130407,1
36,20130414,1
36,20130421,1
36,20130428,1
36,20130505,1
36,20130512,1
36,20130519,1
36,20130526,1
36,20130602,1
36,20130609,1
36,20130616,1
36,20130623,1
36,20130630,1
36,20121028,2
36,20121223,2
36,20130224,2
36,20130303,2
36,20130310,2
36,20130317,2
36,20130324,2
36,20130331,2
36,20130407,2
36,20130414,2
36,20130421,2
36,20130428,2
7,20130402,1
7,20130521,1
35,20130507,1
35,20121102,2
35,20121109,2
35,20121221,2
35,20121228,2
35,20130104,2
35,20130301,2
35,20130308,2
35,20130426,2
35,20130503,2
48,20121027,2
48,20121103,2
48,20121110,2
48,20121222,2
48,20121229,2
48,20130105,2
48,20130223,2
48,20130302,2
48,20130309,2
48,20130420,2
48,20130427,2
48,20130504,2
33,20130506,1
33,20130507,1
33,20130513,1
33,20130514,1
33,20130515,1
33,20130516,1
33,20130520,1
33,20130521,1
33,20130522,1
33,20130523,1
33,20130527,1
33,20130528,1
33,20130529,1
33,20130530,1
33,20130603,1
33,20130604,1
33,20130605,1
33,20130606,1
33,20130610,1
33,20130611,1
33,20130612,1
33,20130613,1
33,20130617,1
33,20130618,1
33,20130619,1
33,20130620,1
33,20130624,1
33,20130625,1
33,20130626,1
33,20130627,1
33,20130401,2
33,20130520,2
33,20121029,2
33,20121030,2
33,20121031,2
33,20121101,2
33,20121105,2
33,20121106,2
33,20121107,2
33,20121108,2
33,20121224,2
33,20121225,2
33,20121226,2
33,20121227,2
33,20121231,2
33,20130101,2
33,20130102,2
33,20130103,2
33,20130225,2
33,20130226,2
33,20130227,2
33,20130228,2
33,20130304,2
33,20130305,2
33,20130306,2
33,20130307,2
33,20130422,2
33,20130423,2
33,20130424,2
33,20130425,2
33,20130429,2
33,20130430,2
33,20130501,2
33,20130502,2
34,20121101,1
34,20121225,1
34,20130101,1
40,20130501,2
40,20121101,2
40,20130508,2
40,20130509,2
40,20121225,2
40,20130101,2
40,20130401,2
40,20130520,2
53,20121103,2
53,20121110,2
53,20121229,2
53,20130105,2
53,20130223,2
53,20130302,2
53,20130309,2
53,20130420,2
53,20130427,2
53,20130504,2
38,20130401,2
38,20130520,2
39,20130501,2
39,20121101,2
39,20130508,2
39,20130509,2
39,20121225,2
39,20130101,2
37,20121103,1
37,20121110,1
37,20121229,1
37,20130105,1
37,20130302,1
37,20130309,1
37,20130427,1
37,20120901,1
37,20130504,1
17,20121111,1
17,20130508,1
17,20130509,1
17,20130501,1
17,20130401,1
17,20121225,1
17,20130101,1
17,20121101,1
17,20130520,1
8,20130501,2
8,20121101,2
8,20130508,2
8,20130509,2
8,20121225,2
8,20130101,2
8,20130401,2
8,20130520,2
41,20121111,2
59,20121031,1
59,20130430,1
59,20130507,1
63,20121107,1
63,20121226,1
63,20130102,1
63,20130227,1
63,20130306,1
63,20121031,1
63,20130424,1
62,20121101,2
62,20130509,2
62,20121225,2
62,20130101,2
62,20130401,2
62,20130520,2
58,20130402,1
58,20130521,1
58,20130403,1
58,20130522,1
58,20130403,2
58,20130522,2
42,20121101,2
42,20130509,2
42,20121225,2
42,20130101,2
42,20130401,2
42,20130520,2
45,20121224,1
45,20121225,1
45,20121226,1
45,20121227,1
45,20121228,1
45,20121229,1
45,20121231,1
45,20130101,1
45,20130102,1
45,20130103,1
45,20130104,1
45,20130105,1
45,20130107,1
45,20130108,1
45,20130109,1
45,20130110,1
45,20130111,1
45,20130112,1
45,20130114,1
45,20130115,1
45,20130116,1
45,20130117,1
45,20130118,1
45,20130119,1
45,20130121,1
45,20130122,1
45,20130123,1
45,20130124,1
45,20130125,1
45,20130126,1
45,20130128,1
45,20130129,1
45,20130130,1
45,20130131,1
45,20130201,1
45,20130202,1
45,20130204,1
45,20130205,1
45,20130206,1
45,20130207,1
45,20130208,1
45,20130209,1
45,20130211,1
45,20130212,1
45,20130213,1
45,20130214,1
45,20130215,1
45,20130216,1
45,20130218,1
45,20130219,1
45,20130220,1
45,20130221,1
45,20130222,1
45,20130223,1
45,20130225,1
45,20130226,1
45,20130227,1
45,20130228,1
45,20130301,1
45,20130302,1
45,20130304,1
45,20130305,1
45,20130306,1
45,20130307,1
45,20130308,1
45,20130309,1
45,20130311,1
45,20130312,1
45,20130313,1
45,20130314,1
45,20130315,1
45,20130316,1
45,20130318,1
45,20130319,1
45,20130320,1
45,20130321,1
45,20130322,1
45,20130323,1
45,20130325,1
45,20130326,1
45,20130327,1
45,20130328,1
45,20130329,1
45,20130330,1
45,20130401,1
45,20130402,1
45,20130403,1
45,20130404,1
45,20130405,1
45,20130406,1
45,20130408,1
45,20130409,1
45,20130410,1
45,20130411,1
45,20130412,1
45,20130413,1
45,20130415,1
45,20130416,1
45,20130417,1
45,20130418,1
45,20130419,1
45,20130420,1
45,20130422,1
45,20130423,1
45,20130424,1
45,20130425,1
45,20130426,1
45,20130427,1
45,20130429,1
45,20130430,1
45,20130501,1
45,20130502,1
45,20130503,1
45,20130504,1
45,20130506,1
45,20130507,1
45,20130508,1
45,20130509,1
45,20130510,1
45,20130511,1
45,20130513,1
45,20130514,1
45,20130515,1
45,20130516,1
45,20130517,1
45,20130518,1
45,20130520,1
45,20130521,1
45,20130522,1
45,20130523,1
45,20130524,1
45,20130525,1
45,20130527,1
45,20130528,1
45,20130529,1
45,20130530,1
45,20130531,1
45,20130601,1
45,20130603,1
45,20130604,1
45,20130605,1
45,20130606,1
45,20130607,1
45,20130608,1
45,20130610,1
45,20130611,1
45,20130612,1
45,20130613,1
45,20130614,1
45,20130615,1
45,20130617,1
45,20130618,1
45,20130619,1
45,20130620,1
45,20130621,1
45,20130622,1
45,20130624,1
45,20130625,1
45,20130626,1
45,20130627,1
45,20130628,1
45,20130629,1
45,20130508,2
45,20130509,2
45,20130401,2
45,20130520,2
45,20121221,2
45,20121027,2
45,20130223,2
45,20130420,2
45,20121029,2
45,20121030,2
45,20121031,2
45,20121101,2
45,20121102,2
45,20121103,2
45,20121105,2
45,20121106,2
45,20121107,2
45,20121108,2
45,20121109,2
45,20121110,2
45,20121224,2
45,20121225,2
45,20121226,2
45,20121227,2
45,20121228,2
45,20121229,2
45,20121231,2
45,20130101,2
45,20130102,2
45,20130103,2
45,20130104,2
45,20130105,2
45,20130225,2
45,20130226,2
45,20130227,2
45,20130228,2
45,20130301,2
45,20130302,2
45,20130304,2
45,20130305,2
45,20130306,2
45,20130307,2
45,20130308,2
45,20130309,2
45,20130422,2
45,20130423,2
45,20130424,2
45,20130425,2
45,20130426,2
45,20130427,2
45,20130429,2
45,20130430,2
45,20130501,2
45,20130502,2
45,20130503,2
45,20130504,2
43,20121224,1
43,20121225,1
43,20121226,1
43,20121227,1
43,20121228,1
43,20121229,1
43,20121231,1
43,20130101,1
43,20130102,1
43,20130103,1
43,20130104,1
43,20130105,1
43,20130225,1
43,20130226,1
43,20130227,1
43,20130228,1
43,20130301,1
43,20130302,1
43,20130304,1
43,20130305,1
43,20130306,1
43,20130307,1
43,20130308,1
43,20130309,1
43,20130422,1
43,20130423,1
43,20130424,1
43,20130425,1
43,20130426,1
43,20130427,1
43,20130429,1
43,20130430,1
43,20130501,1
43,20130502,1
43,20130503,1
43,20130504,1
43,20121101,2
43,20121225,2
43,20130101,2
43,20130501,2
6,20130511,1
6,20121024,1
6,20121219,1
6,20130220,1
6,20130417,1
46,20130501,2
46,20130508,2
26,20121217,1
26,20130405,1
26,20130524,1
20,20130401,2
20,20130520,2
29,20130427,2
29,20130504,2
24,20130501,2
24,20121101,2
24,20130508,2
24,20130509,2
24,20121225,2
24,20130101,2
27,20130508,2
27,20130509,2
27,20130223,2
27,20130420,2
27,20130401,2
27,20130520,2
27,20121029,2
27,20121030,2
27,20121031,2
27,20121101,2
27,20121103,2
27,20121105,2
27,20121106,2
27,20121107,2
27,20121108,2
27,20121110,2
27,20121224,2
27,20121225,2
27,20121226,2
27,20121227,2
27,20121229,2
27,20121231,2
27,20130101,2
27,20130102,2
27,20130103,2
27,20130105,2
27,20130225,2
27,20130226,2
27,20130227,2
27,20130228,2
27,20130302,2
27,20130304,2
27,20130305,2
27,20130306,2
27,20130307,2
27,20130309,2
27,20130422,2
27,20130423,2
27,20130424,2
27,20130425,2
27,20130427,2
27,20130429,2
27,20130430,2
27,20130501,2
27,20130502,2
27,20130504,2
50,20130509,2
50,20121221,2
50,20130223,2
50,20130420,2
50,20130401,2
50,20130520,2
50,20121029,2
50,20121030,2
50,20121101,2
50,20121102,2
50,20121103,2
50,20121105,2
50,20121106,2
50,20121108,2
50,20121109,2
50,20121110,2
50,20121224,2
50,20121225,2
50,20121227,2
50,20121228,2
50,20121229,2
50,20121231,2
50,20130101,2
50,20130103,2
50,20130104,2
50,20130105,2
50,20130225,2
50,20130226,2
50,20130228,2
50,20130301,2
50,20130302,2
50,20130304,2
50,20130305,2
50,20130307,2
50,20130308,2
50,20130309,2
50,20130422,2
50,20130423,2
50,20130425,2
50,20130426,2
50,20130427,2
50,20130429,2
50,20130430,2
50,20130502,2
50,20130503,2
50,20130504,2
51,20130507,1
51,20130517,1
51,20130524,1
51,20130531,1
51,20130607,1
51,20130614,1
51,20130621,1
51,20130628,1
51,20121102,2
51,20121109,2
51,20121221,2
51,20121228,2
51,20130104,2
51,20130301,2
51,20130308,2
51,20130426,2
51,20130503,2
49,20121029,2
49,20121105,2
49,20121224,2
49,20121231,2
49,20130225,2
49,20130304,2
49,20130401,2
49,20130422,2
49,20130429,2
49,20130520,2
47,20130508,1
47,20130509,1
47,20121101,1
47,20130501,1
47,20130401,1
47,20130520,1
47,20121225,1
47,20130101,1
54,20121224,1
54,20121225,1
54,20121226,1
54,20121227,1
54,20121228,1
54,20121231,1
54,20130101,1
54,20130102,1
54,20130103,1
54,20130104,1
54,20130225,1
54,20130226,1
54,20130227,1
54,20130228,1
54,20130301,1
54,20130304,1
54,20130305,1
54,20130306,1
54,20130307,1
54,20130308,1
54,20130422,1
54,20130423,1
54,20130424,1
54,20130425,1
54,20130426,1
54,20130429,1
54,20130430,1
54,20130501,1
54,20130502,1
54,20130503,1
54,20121101,2
54,20121225,2
54,20130101,2
54,20130501,2
65,20121224,1
65,20121225,1
65,20121226,1
65,20121227,1
65,20121228,1
65,20121229,1
65,20121231,1
65,20130101,1
65,20130102,1
65,20130103,1
65,20130104,1
65,20130105,1
65,20130225,1
65,20130226,1
65,20130227,1
65,20130228,1
65,20130301,1
65,20130302,1
65,20130304,1
65,20130305,1
65,20130306,1
65,20130307,1
65,20130308,1
65,20130309,1
65,20130422,1
65,20130423,1
65,20130424,1
65,20130425,1
65,20130426,1
65,20130427,1
65,20130429,1
65,20130430,1
65,20130501,1
65,20130502,1
65,20130503,1
65,20130504,1
65,20121101,2
65,20121225,2
65,20130101,2
65,20130501,2
55,20121101,1
55,20121225,1
55,20130101,1
64,20130507,1
64,20130510,1
64,20130514,1
64,20130515,1
64,20130516,1
64,20130517,1
64,20130521,1
64,20130522,1
64,20130523,1
64,20130524,1
64,20130528,1
64,20130529,1
64,20130530,1
64,20130531,1
64,20130604,1
64,20130605,1
64,20130606,1
64,20130607,1
64,20130611,1
64,20130612,1
64,20130613,1
64,20130614,1
64,20130618,1
64,20130619,1
64,20130620,1
64,20130621,1
64,20130625,1
64,20130626,1
64,20130627,1
64,20130628,1
64,20121221,2
64,20121030,2
64,20121031,2
64,20121101,2
64,20121102,2
64,20121106,2
64,20121107,2
64,20121108,2
64,20121109,2
64,20121225,2
64,20121226,2
64,20121227,2
64,20121228,2
64,20130101,2
64,20130102,2
64,20130103,2
64,20130104,2
64,20130226,2
64,20130227,2
64,20130228,2
64,20130301,2
64,20130305,2
64,20130306,2
64,20130307,2
64,20130308,2
64,20130423,2
64,20130424,2
64,20130425,2
64,20130426,2
64,20130430,2
64,20130501,2
64,20130502,2
64,20130503,2
52,20121101,1
52,20130501,1
52,20121225,1
52,20130101,1
57,20130501,2
57,20121101,2
57,20130508,2
57,20130509,2
57,20121225,2
57,20130101,2
57,20130401,2
57,20130520,2
56,20121110,1
56,20121229,1
56,20130105,1
56,20130302,1
56,20130309,1
56,20130427,1
56,20121103,1
56,20130504,1
60,20121224,1
60,20121225,1
60,20121227,1
60,20121228,1
60,20121231,1
60,20130101,1
60,20130103,1
60,20130104,1
60,20130225,1
60,20130226,1
60,20130228,1
60,20130301,1
60,20130304,1
60,20130305,1
60,20130307,1
60,20130308,1
60,20130422,1
60,20130423,1
60,20130425,1
60,20130426,1
60,20130429,1
60,20130430,1
60,20130502,1
60,20130503,1
60,20121101,2
60,20121225,2
60,20130101,2
61,20121225,2
61,20130101,2
